295,271
479,283
694,394
157,43
367,494
372,204
534,173
524,117
55,521
494,380
558,132
47,37
219,336
381,484
449,12
762,47
306,505
16,235
710,252
353,192
571,458
407,439
305,152
578,495
108,486
476,85
136,68
576,474
779,220
519,334
310,285
183,450
789,12
430,503
790,390
163,345
307,382
466,445
219,223
758,128
490,118
168,499
461,453
797,417
782,247
696,413
426,107
322,270
28,430
325,116
5,390
183,315
7,315
724,185
781,324
90,297
346,512
304,355
496,28
243,297
505,499
45,391
711,219
314,346
360,481
684,389
451,251
733,457
496,134
260,291
224,473
4,68
758,513
670,279
613,444
59,365
190,209
361,446
141,497
176,498
336,247
636,437
260,436
20,307
314,337
706,516
566,434
297,376
768,483
26,35
228,137
746,186
190,113
274,308
235,341
509,386
505,452
482,513
12,14
713,150
148,267
258,80
664,523
194,343
452,495
375,222
293,321
772,199
119,14
479,130
435,418
498,479
240,352
769,449
730,528
332,58
242,259
743,90
285,239
176,317
644,174
688,119
98,136
131,331
455,211
734,141
110,90
303,476
175,341
289,217
171,23
329,129
217,116
715,492
337,316
641,32
156,337
440,512
519,316
460,291
347,490
757,371
761,293
481,321
387,398
461,111
121,523
574,375
48,158
616,84
351,386
290,148
412,77
174,279
6,194
203,32
593,469
598,269
420,471
264,58
338,279
439,135
16,448
662,209
632,465
752,478
416,280
216,513
388,495
714,381
200,427
248,179
707,481
26,346
242,480
314,311
222,377
68,120
792,525
530,280
137,368
130,107
666,501
123,505
445,107
593,349
197,394
59,428
727,85
454,32
719,425
333,16
245,321
544,352
376,465
653,243
584,342
454,394
232,383
741,312
627,528
602,430
124,278
261,347
580,392
51,495
245,276
347,92
252,101
552,469
171,455
284,522
376,84
508,403
633,407
704,368
414,194
204,509
63,169
521,458
725,478
85,175
750,14
543,457
714,81
461,84
728,249
172,381
739,499
323,490
134,44
557,235
597,177
424,70
742,292
727,510
132,177
465,381
728,389
359,114
684,479
270,479
103,28
65,109
9,347
690,321
139,421
581,362
163,410
723,174
386,358
478,377
295,280
262,187
356,307
780,444
205,357
675,335
137,487
92,128
195,363
361,343
57,14
42,309
780,106
513,493
459,425
776,401
7,81
332,296
20,150
280,424
394,399
478,401
97,520
269,300
629,376
720,443
143,159
500,268
320,87
5,48
690,362
80,41
118,115
357,76
624,32
23,69
536,517
158,310
682,227
436,228
698,140
644,268
261,465
660,127
371,357
116,383
319,398
108,288
61,301
106,235
65,201
522,187
617,212
683,508
2,418
301,13
262,390
727,427
147,401
267,412
563,300
646,368
789,146
389,77
351,10
484,236
542,404
368,23
525,409
396,269
112,203
189,404
107,413
125,216
155,489
710,275
208,44
99,309
47,64
795,228
460,464
644,204
155,105
276,273
269,152
638,192
46,292
52,509
355,280
120,193
358,172
313,42
179,294
477,74
593,319
791,354
92,284
72,406
84,229
733,373
489,414
132,205
293,453
7,20
567,277
126,433
231,450
84,430
142,232
51,281
100,255
759,322
230,483
191,11
668,386
321,148
614,145
750,431
148,450
354,322
184,286
71,133
305,176
193,226
720,297
352,455
634,259
746,268
258,312
272,343
285,390
6,407
133,267
353,238
636,295
308,236
285,109
6,175
587,88
477,109
371,96
242,310
715,355
165,255
484,361
72,29
350,131
155,393
23,485
598,334
774,429
531,270
168,293
735,340
211,310
326,475
367,138
83,247
765,100
528,100
742,404
227,398
229,352
365,380
657,489
566,267
315,193
441,462
174,507
256,362
788,42
23,396
155,507
46,250
61,101
573,524
617,21
303,307
185,369
219,245
463,271
114,351
249,519
607,395
492,499
669,365
333,377
763,175
420,455
252,435
47,357
287,356
574,398
272,204
366,397
443,32
702,153
694,158
685,377
104,438
229,97
51,420
695,113
157,429
532,478
461,189
522,386
591,39
591,189
425,195
323,437
39,466
147,201
330,405
407,249
495,221
220,520
785,342
575,416
21,202
673,308
489,173
473,154
384,9
564,145
745,207
632,390
694,283
439,277
40,447
246,457
620,304
223,360
132,79
551,414
537,371
145,255
117,494
428,95
436,70
4,204
797,433
114,400
89,219
725,409
37,330
386,445
436,205
693,62
396,479
601,290
489,389
592,444
663,72
665,53
272,500
92,146
536,44
146,521
177,4
561,318
453,198
548,151
320,175
484,60
343,416
616,54
614,224
48,198
102,283
159,275
279,248
297,347
124,355
238,109
557,93
128,393
106,356
416,432
200,469
31,52
707,12
562,350
757,504
25,355
302,488
215,84
599,518
619,493
639,497
181,524
127,451
337,154
109,126
427,56
708,71
707,107
728,492
597,25
262,268
524,394
237,50
576,328
99,364
434,18
128,317
691,404
638,345
785,470
99,394
577,217
345,446
135,349
664,15
482,275
98,188
776,339
649,291
403,367
457,182
270,457
749,455
470,495
308,410
150,58
646,404
746,421
119,39
731,200
52,122
56,457
59,326
702,85
348,357
443,77
580,296
231,287
227,210
671,353
362,50
265,368
115,328
124,163
755,444
1,282
711,469
14,261
634,217
480,214
277,324
143,442
378,323
643,279
101,208
618,131
340,362
753,407
8,497
72,372
125,292
355,332
117,252
275,128
784,294
173,187
546,38
747,128
518,208
248,115
786,193
764,350
515,148
28,230
29,213
274,420
125,264
633,271
546,491
53,384
616,400
258,301
505,244
297,445
325,206
564,7
498,203
233,268
510,271
638,521
14,479
275,188
491,187
475,229
652,410
738,122
649,354
258,509
387,340
227,34
85,488
777,373
663,185
705,240
118,178
159,473
259,274
493,249
11,288
118,455
563,74
497,516
208,458
668,149
670,248
5,485
747,275
647,307
76,528
285,501
82,330
254,71
23,461
396,165
419,375
187,336
209,367
459,222
201,292
494,84
503,119
78,519
303,257
370,246
729,269
283,87
237,421
174,358
321,370
337,522
443,59
298,76
138,298
172,126
733,226
599,57
73,497
318,159
387,174
98,271
778,506
114,308
291,100
77,168
504,171
590,281
229,22
240,513
298,422
256,214
531,511
35,494
379,515
422,81
428,525
758,158
213,481
634,111
440,399
744,19
763,270
19,177
738,159
4,530
14,440
569,174
449,525
781,119
625,279
684,463
681,423
95,333
761,332
417,45
404,68
0,445
718,341
88,411
373,413
516,372
66,346
29,302
85,358
376,428
286,375
618,235
600,196
524,249
766,310
381,290
402,354
769,524
433,431
339,199
746,528
413,496
198,307
722,115
605,310
463,256
550,530
622,427
191,126
210,177
5,102
16,135
17,508
770,280
205,483
0,513
653,253
199,502
420,401
42,73
529,299
768,496
500,395
182,379
186,416
534,64
707,440
721,285
743,154
394,426
766,215
75,386
686,216
32,474
776,81
544,195
412,512
672,409
97,60
390,321
623,151
377,65
592,499
746,484
700,268
700,339
349,425
542,93
362,87
535,418
782,33
739,357
734,474
483,453
50,52
125,141
68,428
465,518
21,246
355,156
118,100
401,381
102,451
596,413
82,140
210,322
540,224
513,226
85,455
543,316
111,376
22,161
309,454
212,448
613,510
662,476
206,160
253,490
544,299
506,420
74,271
315,430
128,236
743,35
175,269
33,278
797,325
695,206
682,3
517,304
192,474
791,121
528,34
674,448
216,256
363,65
281,77
242,89
426,249
162,452
99,470
259,527
183,351
746,58
309,117
240,26
766,248
649,379
42,218
188,251
137,282
337,70
500,74
170,79
338,344
230,497
212,72
216,434
738,241
176,92
491,433
414,173
356,289
587,306
115,270
508,299
101,166
17,53
63,79
114,58
609,279
449,147
506,107
288,462
620,337
208,398
706,123
693,131
222,417
302,325
234,361
650,69
695,313
657,438
772,92
758,4
236,60
727,308
567,187
386,134
377,52
683,152
318,300
145,466
502,370
733,422
684,268
39,522
474,181
718,56
35,243
564,360
123,464
518,41
617,251
665,91
757,90
609,382
446,298
3,303
779,434
381,370
298,65
186,45
189,58
44,85
636,241
548,9
488,302
322,326
270,235
649,163
392,308
121,232
607,342
539,251
636,310
440,479
242,78
464,172
697,15
393,462
25,321
243,401
158,96
441,434
677,186
462,38
356,365
599,485
524,354
290,290
213,388
672,42
104,152
628,423
509,312
12,464
155,286
377,160
182,206
631,141
654,154
431,82
263,422
288,337
475,57
212,23
292,190
48,19
778,271
648,330
202,252
411,59
578,134
630,361
58,338
205,529
22,258
179,263
311,99
415,318
236,253
669,226
679,100
583,204
182,141
40,421
87,280
287,412
695,451
655,138
254,230
771,529
790,485
404,83
257,253
710,404
575,446
577,241
578,316
133,405
59,277
95,9
631,159
378,261
32,179
243,211
790,214
387,250
681,243
646,477
33,363
518,64
165,216
343,480
77,447
402,133
30,109
745,336
417,353
746,77
446,340
83,308
664,306
723,353
563,394
633,124
247,376
220,304
760,386
656,461
561,206
636,11
498,470
17,425
61,219
700,512
697,169
319,11
793,368
787,314
14,337
189,237
684,138
533,130
444,90
513,432
161,377
547,273
629,353
480,144
599,233
685,493
274,439
377,283
701,429
173,231
98,35
499,528
600,373
517,515
552,349
208,273
381,274
234,325
221,271
165,159
495,97
641,150
7,371
331,454
476,39
229,167
668,465
228,317
294,122
274,223
430,335
68,479
