1884.3,116.01
1510.8,101.91
1153,217.38
1620.8,82.939
266.71,261.83
937.27,306.28
1201.3,177.26
1697.3,320.91
1683.2,136.61
1862.6,105.71
1030.5,247.73
112.21,240.69
1611.6,458.06
1182.3,200.57
1210.5,157.75
1792.1,167.5
1973.2,17.889
373.5,246.11
370.79,348.56
1202.9,221.71
113.3,61.256
220.63,175.09
158.29,432.58
1550.9,211.41
1447.4,224.97
2004.1,144.74
1715.2,30.357
117.63,321.46
1558.5,58.003
1541.7,120.34
1220.8,176.72
1593.7,158.83
1423,180.51
98.66,376.75
300.32,200.03
1610,169.13
1829.5,214.12
1194.8,242.31
197.86,80.771
201.66,188.1
595.21,310.07
1748.2,188.65
1560.1,126.85
97.033,407.11
481.37,337.72
1713,177.26
610.93,396.81
1455.5,227.13
556.18,314.41
1708.7,170.21
134.44,316.58
1462,164.79
1369.9,165.88
1843.1,169.67
1630.6,113.3
1240.8,359.94
1753.1,31.441
614.73,365.37
1199.1,332.84
844.57,265.08
1651.7,82.939
1652.3,151.78
1428.9,301.94
1249.5,356.15
1550.4,55.293
1684.8,156.66
1684.8,140.94
1744.4,130.1
1379.6,188.1
827.76,271.04
157.2,161
1853.9,200.03
1614.9,123.6
889.56,291.64
1169.3,224.97
1861.5,50.414
1747.7,106.79
1617,229.84
1324.3,191.36
1631.1,159.92
258.03,134.98
783.31,259.66
415.24,274.3
148.53,371.33
797.41,244.48
1069,343.14
1517.8,85.107
1692.4,181.06
1418.1,248.28
1364.4,147.99
1170.9,186.48
1931.5,210.33
1970.5,144.74
1811.1,134.44
1348.2,212.5
1574.2,113.3
1476.1,166.42
1656.6,195.15
1742.3,145.82
2016,297.61
383.25,246.11
184.31,216.29
1830.1,81.313
1557.4,246.65
1136.8,174.55
1421.3,169.13
1670.7,164.25
1567.7,137.15
1734.1,131.73
1089.6,265.08
1973.2,65.592
192.98,126.31
382.71,432.04
1689.1,203.82
1354.1,179.43
1375.3,262.37
1204.5,184.85
2042.6,265.08
1692.4,9.2155
1423.5,172.93
1429.5,258.03
1820.3,84.565
1464.7,171.84
1321.6,146.91
1853.4,68.303
1248.4,304.11
1258.2,222.8
1840.4,62.34
1241.4,145.82
1794.8,59.087
726.94,364.28
298.15,223.88
1761.8,211.41
925.88,297.61
600.09,274.3
1793.2,182.68
1696.2,109.5
228.22,239.6
1517.8,168.05
1267.9,174.01
1486.4,41.741
1981.9,118.17
203.82,250.44
1167.7,301.4
1850.7,32.525
1546.6,102.45
1667.5,78.06
1672.3,179.97
1270.1,142.03
779.52,317.66
1717.9,24.394
1175.8,311.16
1389.9,179.43
1935.8,161
1747.7,22.226
1729.8,177.26
1239.2,214.12
424.45,278.09
1694,136.61
1884.8,337.72
511.73,266.71
1561.7,155.04
1330.8,188.1
1537.9,175.64
1997,216.83
1801.4,75.892
1325.9,342.06
2013.3,121.97
1434.4,160.46
1948.3,79.687
1179.6,188.1
1060.3,224.97
1403.5,436.92
1883.7,187.56
1939.6,25.478
675.44,323.63
1164.9,10.842
100.83,457.52
76.976,121.43
1996.5,180.51
1665.3,100.29
1055.4,288.93
89.444,415.24
1533,80.771
1688.1,107.88
418.49,217.92
1224.6,127.39
1627.3,97.033
1085.8,377.83
1690.2,125.76
1600.8,110.59
1665.8,127.39
1478.3,224.97
1517.8,182.68
1606.7,104.08
1901.1,111.67
1155.2,369.7
1699.4,153.95
1880.5,191.9
1269,197.32
1346,139.32
1586.1,222.8
402.77,403.31
1663.7,51.498
1168.2,168.59
448.85,448.85
160.46,213.04
1298.3,178.89
1784,36.862
1331.4,232.55
1536.8,221.71
1629.5,87.276
1919.5,125.22
225.51,168.59
99.744,154.49
1103.7,211.41
1529.8,74.266
345.31,196.78
1740.1,120.34
1878.3,37.404
1765.6,159.92
474.33,220.09
1695.6,220.09
1777,174.55
1685.9,147.45
973.59,175.64
1088.5,322
1848.5,9.7575
1856.1,279.72
1715.7,94.323
1844.7,58.003
1005,442.88
1644.7,44.993
1562.3,96.491
1486.9,215.75
305.19,108.42
20.599,318.2
1588.9,66.677
749.16,302.48
1662,60.172
1282.6,220.09
1946.6,303.03
1214.8,183.77
1156.3,209.79
1396.4,255.32
1865.3,97.575
1716.8,162.08
554.55,497.09
1960.7,58.003
1378.5,169.67
2007.3,119.26
1027.8,314.95
1717.9,208.16
1689.7,150.7
1869.1,40.656
1556.3,172.93
1880,88.36
1323.2,207.62
1263.6,271.04
1946.1,154.49
1650.1,160.46
1681,169.13
1911.9,46.619
1852.8,139.32
1606.7,133.35
142.57,186.48
1804.1,105.71
628.28,261.29
1069,256.95
1881.6,18.431
1729.3,58.003
1447.9,168.05
994.19,311.7
968.71,391.39
427.16,327.42
1636,266.71
1380.7,317.12
331.76,212.5
203.28,58.003
950.82,297.61
368.62,195.15
1667.5,140.94
1420.8,157.2
1795.9,44.993
1620.8,334.47
174.01,149.07
1353.6,150.7
568.11,73.182
1896.2,518.78
1914.6,194.61
1764.5,146.91
1637.6,165.88
1079.3,310.62
1657.2,185.39
1916.3,408.19
1679.4,174.01
1551.4,155.04
1200.7,291.1
1486.4,297.06
22.226,162.63
1956.4,277.01
1704.3,93.239
1121,312.78
1740.6,95.949
1273.9,213.58
1174.2,331.76
1072.8,223.88
1262,179.43
1616.5,101.91
1213.2,168.59
1102.1,221.71
1634.9,178.89
1896.8,54.209
262.37,126.85
1509.7,161.54
406.02,1.6263
1268.5,216.83
1903.8,46.077
1413.8,189.73
1189.3,183.77
1460.4,269.42
1412.1,161
1415.9,139.32
1217,389.22
1608.4,115.46
1088,214.12
1951,76.434
1684.8,188.65
357.23,408.73
2020.4,319.83
1618.1,174.01
1397,136.06
129.02,81.313
1956.9,318.2
81.313,31.441
1829,224.42
1750.9,72.639
1459.8,186.48
1504.3,262.37
69.929,343.14
740.49,342.6
1953.7,40.656
1583.4,160.46
1874.5,205.45
1959.6,193.52
1090.1,194.07
1299.4,224.42
1151.4,211.41
1695.6,140.4
1269,179.43
1356.8,111.67
1395.3,291.1
306.28,149.07
272.67,178.35
377.83,221.17
651.59,269.96
211.41,153.95
1078.2,233.64
384.88,6.505
1033.2,293.27
1296.7,217.92
1753.1,131.18
1268.5,235.81
1387.7,145.82
1092.3,233.1
1313.5,342.06
195.69,52.582
348.56,3.7946
258.57,295.44
1914.1,15.178
1683.2,95.407
1212.6,312.24
43.909,318.2
361.57,215.75
1983.5,87.818
227.13,118.72
1568.3,279.17
1742.8,256.41
524.74,308.45
1188.8,357.78
610.39,377.29
46.619,157.75
1594.8,299.77
1659.9,343.14
1835.5,109.5
234.18,156.66
1571,155.04
1162.2,168.59
1418.1,182.14
1108.6,346.39
1128.1,477.58
1649.6,95.407
1259.3,281.88
1399.7,145.82
1948.8,54.209
1357.9,297.61
1497.8,109.5
213.04,161.54
1085.8,404.94
1991.1,63.424
1646.9,102.45
1404.5,154.49
1707.6,76.976
1854.5,89.986
399.52,244.48
1373.1,157.75
1259.8,347.48
1906,251.53
1534.6,120.89
1340,176.72
1745,52.04
1820.9,116.55
1699.4,92.697
1433.3,133.35
1750.4,78.06
1612.7,286.76
1236,159.92
201.66,279.17
15.72,303.57
1214.3,172.38
1262,152.33
38.488,216.29
1936.3,179.97
1466.3,156.12
1526.5,172.93
1410.5,133.35
1121,288.93
125.76,54.751
1998.7,162.63
222.8,229.84
491.67,272.67
1283.7,144.74
1836.6,21.141
1693.5,123.6
1221.3,200.03
1656.1,129.56
1240.8,153.95
1188.3,30.357
1684.8,107.88
1902.7,124.68
1539,174.55
1195.3,170.21
1634.9,139.32
1256.6,565.94
1280.4,197.86
1557.4,148.53
30.357,449.93
1764.5,132.81
745.91,269.96
1634.9,97.033
1644.1,52.04
237.98,350.19
1567.7,216.29
1200.7,207.62
1185.5,167.5
1305.9,142.03
439.63,196.24
1144.3,236.35
1794.8,137.69
1268.5,520.4
1826.8,9.2155
1054.4,239.06
1196.4,284.6
737.24,325.79
1411.6,184.85
1595.9,204.37
1341.1,266.16
1636.6,168.05
1064.1,308.45
1533.6,273.21
1789.4,112.75
108.96,9.2155
211.96,64.508
1575.3,285.68
396.81,356.15
284.05,13.552
1269.6,273.75
34.151,184.85
1523.3,128.47
1857.2,83.481
1632.8,55.835
1464.2,149.62
1455.5,166.96
1746.6,49.33
233.1,174.01
929.13,213.58
445.05,306.82
1547.7,62.34
1674.5,58.003
1829.5,65.05
1755.8,18.973
1411,233.64
122.51,261.29
1089.1,361.03
1980.2,58.003
1781.3,61.798
1704.3,277.01
1794.8,36.862
1983.5,124.68
1943.9,63.424
1451.7,272.67
1880,240.14
80.771,142.57
1432.2,285.68
1704.9,144.74
1946.1,147.45
1359.6,249.36
613.64,295.44
954.61,274.3
1431.6,426.08
1825.2,190.27
1254.9,178.35
1775.3,167.5
782.77,47.704
997.44,178.89
1728.7,113.3
1785.6,30.899
1041.3,382.17
1184.5,216.29
1602.4,116.01
1706.5,82.939
952.44,236.89
1530.9,164.79
1214.8,418.49
1212.1,196.78
1437.6,181.6
1677.8,138.77
692.24,325.25
1610,101.91
162.63,242.31
1713.5,229.84
69.387,105.71
1910.9,5.4209
1403.5,178.35
1528.1,105.71
992.56,232.01
1730.9,79.145
1522.7,117.63
96.491,331.21
1399.1,261.83
1998.1,63.424
207.62,346.93
2033.9,356.69
1057.6,331.21
1973.7,161
1948.8,97.575
1888.1,32.525
1223.5,149.07
1986.2,162.63
1394.2,161
1727.6,79.687
1220.8,159.92
1648.5,124.68
1948.3,201.11
749.7,433.67
1572,28.188
370.24,220.63
2033.9,153.95
1275,147.45
1523.3,34.693
1164.4,211.96
1532.5,95.407
1937.4,339.89
1447.9,164.25
475.95,249.9
903.11,361.57
1992.2,48.246
1308.6,207.62
1082.5,217.38
210.87,247.19
1385.6,290.02
1711.4,73.182
1415.9,168.59
1268.5,213.04
995.27,250.99
249.9,186.48
1483.1,354.52
1688.6,150.16
1284.2,134.44
1768.3,70.471
1961.3,176.18
1312.4,167.5
939.98,284.6
1437.6,137.69
1787.3,22.768
1826.8,21.141
1616,160.46
1142.7,249.36
1822.5,193.52
1704.3,206.53
1716.2,39.03
699.83,254.24
1880.5,54.751
349.65,232.55
1046.8,356.69
1085.8,318.75
1123.2,338.26
1423.5,147.45
1410,138.23
1644.1,113.3
1638.2,113.84
260.74,153.95
75.35,124.68
944.31,376.75
1902.7,209.79
1958.6,115.46
1489.1,127.93
1582.3,78.06
1656.1,176.72
115.46,211.96
1575.3,143.65
1045.7,203.28
591.42,371.33
1625.7,296.52
366.99,332.3
2032.8,17.347
1893,24.394
95.949,254.24
1495.6,150.7
283.51,215.75
1262.5,171.84
1298.3,313.33
1756.9,118.17
1290.7,172.38
371.87,165.34
23.852,36.862
1114.5,145.28
481.37,363.74
1466.3,420.12
1211,170.76
784.4,369.7
1921.2,330.67
165.34,344.22
257.49,12.468
1951,221.17
1143.8,308.45
1767.7,193.52
196.78,418.49
846.2,258.57
1303.7,207.08
914.5,303.57
1758.5,91.07
88.36,188.65
1779.1,153.95
750.25,349.65
1296.1,139.32
1969.4,95.407
2027.9,136.06
190.27,180.51
1941.2,50.414
1070.1,325.79
1293.4,223.34
1967.2,58.003
2025.2,201.11
1610.5,13.01
1158.4,151.24
1774.2,17.889
1697.3,183.22
1350.9,349.1
400.6,306.28
1729.8,84.565
1314,147.99
1000.7,326.34
1850.1,189.19
1617,267.79
1871.8,240.14
1634.4,43.909
974.13,322.54
1621.9,62.882
1387.7,256.41
1856.1,18.973
205.99,300.32
1362.3,163.71
1259.3,212.5
1755.8,176.18
341.51,157.2
620.15,239.06
1862.6,41.741
1846.3,234.72
1763.4,79.687
1288.5,160.46
1923.9,61.256
1897.8,104.08
44.993,111.13
1486.4,165.88
1988.9,107.88
1403.5,172.38
1585.6,149.07
607.14,330.67
1762.3,251.53
1288,291.64
1594.3,235.81
1760.7,240.14
1710.8,193.52
1719,141.48
1192,224.42
1721.1,71.555
2001.9,22.768
1110.7,220.63
576.78,305.74
308.45,254.78
1830.6,90.528
1417.6,230.39
1600.2,246.65
1406.7,186.48
1646.9,200.57
1517.8,155.58
1895.7,320.91
1808.4,169.67
1525.4,253.15
1695.6,81.313
1808.4,8.6734
1821.4,7.5892
1236.5,188.65
146.91,194.07
1618.1,46.619
440.17,214.67
1899.5,38.488
1836.6,48.246
1139.5,298.69
1751.5,142.57
1779.7,72.639
201.66,309.53
1197.5,344.77
2042.6,71.555
1301,146.36
1684.3,99.744
1214.3,204.91
1236.5,164.25
31.441,100.83
1956.4,93.781
1782.4,44.451
1804.6,24.394
288.39,174.55
306.28,269.96
1077.7,223.88
372.96,173.47
892.82,260.74
1838.2,134.44
479.75,307.36
1518.4,175.64
1334.1,155.58
1874,125.76
1791.1,67.761
1097.2,335.01
1532.5,235.81
1948.3,42.825
1220.2,167.5
1896.8,372.96
907.45,287.31
1723.8,152.33
126.85,173.47
1584,86.734
1121.6,150.16
17.889,479.2
940.52,173.47
1791.1,220.63
1587.2,111.67
1214.3,209.79
1455,555.1
1473.4,159.92
1685.9,287.85
1938,42.825
1938.5,187.56
710.13,320.91
344.77,171.84
1743.9,271.04
292.18,283.51
1567.7,289.47
1666.4,236.89
1428.9,366.45
1285.3,313.87
1227.8,339.35
1870.7,26.562
1436,149.07
48.246,175.64
1993.2,120.89
1698.9,262.37
1727.6,138.77
1671.8,143.65
1448.5,159.37
1345.5,159.92
209.79,411.44
1205.6,148.53
1288.5,144.74
1560.1,223.88
1629,54.209
283.51,68.845
1542.8,88.902
247.19,162.63
1660.4,94.323
1220.8,181.6
723.68,325.25
1523.8,138.23
532.87,282.97
1637.6,105.16
1181.7,228.76
1034.8,255.32
1328.1,446.68
1544.9,249.36
964.37,30.357
1173.6,290.56
333.92,1.0842
1090.7,200.57
1492.9,404.4
520.4,407.65
1682.1,77.518
2012.2,59.087
847.82,249.36
1556.9,178.35
711.76,301.4
1484.2,150.7
961.66,238.52
1698.4,102.45
1926.6,21.141
852.16,273.75
408.73,279.17
1835,15.178
1445.7,46.619
765.43,243.94
1724.9,213.58
1522.2,237.43
1372,275.38
1087.4,208.16
245.02,222.26
1700.5,116.01
259.12,314.95
590.87,252.07
1121.6,208.7
1833.3,146.36
1508.6,202.2
1554.7,117.63
422.83,375.67
1457.7,158.29
780.6,468.36
807.71,359.94
767.05,266.16
1133,149.07
353.44,156.66
1843.6,36.32
88.36,120.34
293.27,203.82
1863.1,111.67
1597,176.72
1778,130.64
1531.9,433.67
1768.8,53.666
1723.3,168.59
1374.2,400.06
404.94,180.51
1838.2,80.771
329.59,174.01
1881,223.34
1354.7,205.99
1053.8,256.95
1939,132.27
819.63,288.93
1636.6,71.013
1578.6,222.26
108.42,199.49
1507,249.36
1427.3,269.96
1307,228.76
1429.5,177.8
1552.5,261.29
1922.2,361.57
1721.1,181.6
1565,386.51
1726.5,19.515
1420.8,149.62
1915.2,50.414
929.13,223.34
1675.6,50.956
1709.7,284.6
696.04,290.02
1355.8,433.13
1009.9,290.56
371.33,226.59
409.27,222.26
5.4209,181.06
1110.7,467.28
1701.6,39.572
478.66,265.62
176.18,54.751
1443,158.29
1569.9,258.57
1454.4,158.29
1276.6,165.88
1250.6,196.78
2022.5,219
153.41,183.22
1561.2,232.55
1758.5,414.7
1707.6,142.03
169.13,481.37
1870.7,75.892
1798.1,261.83
1168.2,153.41
679.23,472.16
291.1,142.03
311.16,313.87
1644.1,151.78
1554.7,338.8
2033.9,144.74
1626.8,185.39
1660.4,83.481
1324.9,135.52
254.78,408.73
1436.5,274.3
1788.9,150.16
1902.2,163.17
1669.1,433.13
899.32,221.71
1500,111.13
176.18,250.44
210.33,367.53
1676.7,222.26
1803.5,31.983
872.22,300.86
500.89,317.12
445.59,229.84
1541.7,85.107
1260.3,206.53
1614.3,85.107
1590.5,171.3
2005.2,95.407
1221.3,190.27
1208.9,297.61
1584.5,310.62
2027.9,73.182
1269,186.48
1066.3,292.18
48.246,161
1621.4,60.714
1632.2,245.56
1010.4,308.99
1584,235.81
535.04,310.62
1802.4,11.926
1987.8,344.77
1981.3,162.08
1901.6,2.1683
1441.4,166.96
1732.5,168.59
1743.3,68.845
1651.2,2.7104
1740.1,103.54
1157.9,166.96
1337.3,153.41
1874.5,185.39
1660.4,105.71
1595.4,116.55
1384.5,176.18
1786.2,144.74
1437.6,187.56
1257.6,161
1551.4,85.107
1533.6,210.87
520.4,325.79
1708.1,127.93
1818.7,54.209
1704.3,123.05
1634.4,113.3
109.5,290.56
2023.1,157.2
767.05,286.76
1548.2,287.31
1747.1,326.34
143.11,66.134
724.77,255.86
1294.5,272.13
1756.9,60.714
1682.1,84.565
1553.6,196.78
20.057,213.58
1167.1,233.1
1920.6,168.05
1595.9,149.07
1843.6,133.9
890.65,169.67
1950.4,10.3
298.69,7.5892
709.05,284.6
1684.3,298.15
1720,96.491
1773.2,33.609
1882.7,46.619
1636,157.75
1773.7,37.404
1934.2,84.023
1663.1,136.61
1484.2,170.76
1705.4,197.32
1509.2,355.61
1890.3,175.64
1781.8,111.13
2045.3,3.2525
1617.6,66.134
1443.6,183.22
564.85,301.94
1525.4,152.87
1856.1,127.39
1278.8,153.95
1754.2,171.3
1831.7,112.21
1728.2,101.91
688.99,310.62
1262,309.53
2020.9,25.478
1572.6,249.36
577.32,404.94
1167.7,295.98
1206.1,196.78
1689.1,195.69
1145.4,217.92
1698.9,146.36
1308.1,175.09
1763.9,171.3
1693.5,146.36
320.37,278.63
63.966,126.31
185.94,366.99
351.81,189.73
1730.3,242.85
222.8,211.96
1252.8,215.21
1399.1,142.03
1730.3,96.491
752.96,242.31
1219.7,302.48
226.05,200.03
323.63,206.53
1768.3,116.01
1241.9,161
1688.1,269.96
879.26,340.97
1994.9,2.7104
1253.8,189.73
1595.4,411.44
516.61,293.27
633.7,391.93
1761.8,170.21
209.79,508.48
1730.9,25.478
1288.5,152.33
1460.9,237.98
1212.6,165.34
950.82,319.29
290.56,487.88
1161.7,218.46
1719,153.95
1740.1,169.67
1634.9,278.63
1298.3,265.08
881.43,258.03
1430,190.81
1653.9,272.13
1659.9,171.84
474.33,271.58
543.71,280.8
1325.4,178.35
1893.5,81.855
1765.6,30.357
1782.4,125.76
1726.5,452.64
1218.1,283.51
116.01,86.734
202.2,231.47
1721.1,488.42
1626.3,239.06
2031.7,109.5
1268.5,283.51
1176.9,162.08
598.46,340.97
1295,182.68
1384.5,205.45
319.83,100.83
1738.5,185.94
545.88,402.23
1272.3,282.43
2032.8,87.276
664.6,330.13
1479.4,162.08
212.5,262.91
1234.9,278.09
1612.7,93.781
1801.4,253.15
602.26,254.78
177.8,158.83
1775.3,110.59
1840.9,30.899
2038.2,153.41
141.48,360.49
175.09,217.38
1502.7,138.23
655.92,252.07
1676.1,157.2
437.46,190.27
1768.3,23.31
899.32,431.5
1565.5,92.697
1706.5,46.619
260.74,248.82
1391.5,253.7
93.781,217.92
316.04,302.48
1135.7,322
1598.6,257.49
137.69,33.609
455.35,336.09
1870.7,58.003
925.88,339.35
1923.3,297.06
1471.2,127.93
1761.2,137.69
1565,83.481
1688.6,171.84
1438.7,175.64
1288.5,205.99
1522.2,269.42
2032.8,98.66
1474.5,205.45
1688.1,130.64
656.47,376.75
1466.9,281.88
1850.1,116.01
638.03,397.89
647.79,460.77
432.58,288.93
1079.3,315.49
2007.3,111.67
1149.2,189.73
418.49,237.98
599,236.35
1876.2,94.865
854.87,282.43
1173.1,486.25
806.08,198.95
1719,129.02
1135.1,380.54
1481.5,122.51
1154.6,133.9
114.38,163.71
126.85,304.11
1631.1,81.313
1427.9,186.48
1677.8,337.72
1709.2,37.946
1229.5,165.88
1778.6,13.552
1823,246.65
1237.6,174.55
577.32,346.93
579.49,258.57
1868,31.441
338.8,366.99
891.19,270.5
209.25,540.46
1659.9,170.76
957.32,151.24
1316.7,330.67
1277.7,170.76
1660.4,152.33
1211.6,211.96
1236,235.27
1983.5,71.555
2033.4,202.2
53.666,147.99
1022.4,350.19
1199.6,317.66
2024.1,65.592
1045.1,215.21
1779.1,345.85
1800.8,99.202
1315.6,206.53
921.55,168.05
1801.4,91.07
1645.8,135.52
2007.9,69.929
261.83,180.51
55.293,223.34
1089.6,187.02
2025.8,93.781
314.95,177.8
1522.7,374.58
1645.2,91.612
1209.4,312.78
1518.9,119.26
596.29,297.06
798.49,293.27
1380.7,256.95
1738.5,207.08
1960.2,211.96
1092.8,224.42
1731.4,68.845
1744.4,159.37
1561.7,116.01
1472.8,234.72
1627.9,260.2
1188.8,437.46
196.78,130.1
1677.8,90.528
1628.4,169.67
1307,170.21
1817.1,108.42
2003,248.28
1708.1,157.75
1799.7,117.63
1260.9,187.56
1973.2,288.39
1312.4,140.94
54.751,129.02
1644.7,169.13
17.889,108.42
1300.5,281.88
1812.2,44.993
1289.1,197.32
1666.4,173.47
1482.6,242.85
1348.2,190.27
1283.7,153.95
942.69,229.3
1786.7,13.01
688.99,344.77
710.13,259.66
1893.5,186.48
1077.7,354.52
1824.1,119.26
1650.7,153.95
1529.8,179.43
1643.1,143.11
1616.5,165.88
1868.6,81.855
1368.8,179.43
1669.6,184.31
1722.7,198.95
1623.5,153.95
1657.7,114.38
1674,101.91
1664.7,120.34
66.677,72.639
1678.8,189.73
518.23,380
765.43,349.1
1560.1,219
1381.8,157.2
1641.4,100.83
1630.6,104.62
1569.9,140.94
1178.5,211.96
1603.5,294.89
1360.1,150.16
1546,233.1
2044.7,207.08
1975.4,231.47
1862.6,26.02
1850.1,119.8
922.63,239.6
1565.5,165.88
597.92,262.37
1415.9,173.47
1420.8,152.33
1157.9,286.76
2045.3,161
1695.6,132.27
1221.3,231.47
1777,111.13
1296.1,205.45
311.16,143.65
1691.3,166.42
593.04,409.82
1998.1,78.602
229.3,307.36
1768.8,169.13
1209.9,339.89
1536.3,134.44
2010.1,136.61
908.54,215.21
1781.8,202.2
1140.5,209.79
1607.8,178.35
1027.8,221.17
1371.5,203.28
621.23,334.47
1473.9,134.98
266.71,162.63
1192,158.29
1795.9,103.54
313.87,346.39
1542.8,157.2
2046.4,52.04
1382.9,276.46
1759.6,162.08
1140,200.57
81.855,359.94
1770.5,89.986
684.65,259.66
1786.7,107.88
2022.5,80.229
1971.6,8.6734
1473.9,147.99
1413.8,165.34
1133,288.39
363.2,4.3367
1757.4,157.75
1261.4,300.86
1773.7,322.54
1961.8,130.1
1548.2,118.72
1324.3,327.42
1727.6,68.303
421.74,356.15
2018.7,49.33
1301,186.48
1691.8,263.45
1809.5,124.14
311.7,201.11
171.84,305.74
1791.6,123.6
1748.8,196.78
1130.2,23.31
108.96,83.481
1608.9,55.835
86.734,237.98
1808.9,91.612
1713,87.818
806.62,262.37
1080.4,211.41
337.18,336.64
487.88,351.81
1739,23.852
1495.1,100.29
1476.1,111.67
177.8,28.731
1990,171.3
1754.2,104.08
11.926,37.946
1503.2,157.75
2029.6,175.64
1260.3,147.99
1882.7,36.32
1831.7,7.5892
1897.8,30.357
1714.1,66.134
143.11,5.4209
453.18,370.79
1030,296.52
1218.6,154.49
1915.2,73.724
856.5,27.646
1039.7,236.35
1429.5,151.24
1677.2,317.12
1421.9,164.79
1739.6,35.236
410.36,462.4
154.49,87.818
403.31,287.31
574.07,267.79
1246.8,153.41
1412.7,171.3
1769.9,110.59
536.66,361.57
2026.3,166.96
2001.9,44.993
970.88,283.51
1188.8,161
1234.3,147.45
1368.8,188.65
1003.4,140.4
1194.2,204.37
33.609,310.62
1427.3,160.46
1405.6,264.54
162.63,188.65
1762.9,84.023
992.56,278.63
1046.2,288.93
332.84,538.83
1792.1,76.434
1134,216.83
1499.4,53.666
1544.4,295.44
1260.3,156.12
1854.5,41.741
590.33,265.62
1500.5,94.865
79.687,72.097
2005.7,150.7
1580.2,172.93
727.48,296.52
1763.9,59.629
175.64,428.79
2032.8,187.56
718.81,382.71
1418.6,136.06
1221.3,139.86
1589.9,179.97
1285.3,211.41
979.01,329.59
39.572,257.49
1567.7,210.33
1172.5,243.4
1475.6,163.71
426.08,266.16
1354.1,190.81
1275,202.2
1520.6,103
391.93,379.46
1572.6,132.27
1341.7,152.33
896.61,310.62
1551.4,129.56
1574.8,151.24
1209.4,361.57
1276.1,348.02
1599.2,49.33
70.471,64.508
1767.2,196.24
1250,177.8
1960.7,245.56
1276.1,309.53
1657.2,138.23
1214.8,221.17
293.27,190.81
1941.2,89.986
1951,163.17
1415.9,129.56
1432.2,123.6
165.34,394.64
577.32,283.51
579.49,384.88
511.73,357.78
440.17,506.31
105.16,307.36
1647.9,185.39
1781.8,48.788
1894,44.993
1668,88.36
1392.6,166.96
218.46,94.323
223.34,28.188
1770.5,158.83
1321.1,287.31
921,271.04
1244.6,403.31
47.704,35.236
1504.3,147.45
1465.3,113.3
126.31,222.26
364.82,180.51
1585.1,101.37
1739,229.3
1495.1,82.939
1624.1,68.845
1812.2,33.609
1863.1,19.515
1256,164.25
410.36,194.07
1675,270.5
1548.7,74.266
610.39,314.41
1965.1,157.75
1701.6,161.54
1621.9,49.872
1882.7,152.33
1488.6,107.33
1621.9,63.966
705.8,325.25
1530.3,222.8
1621.9,144.19
1323.2,301.94
1674.5,112.21
1594.8,139.32
47.704,427.16
1731.4,111.13
1032.1,321.46
1543.3,131.73
661.89,292.18
1830.1,39.572
1971,329.05
1932,74.808
1816,8.6734
1421.3,178.35
1647.4,253.15
1827.4,178.89
1929.8,122.51
1336.2,374.58
1797.6,20.057
678.69,231.47
167.5,204.37
1990.5,7.0471
1043,307.36
1168.2,147.99
1343.8,205.99
1263.6,203.82
339.89,351.27
1356.8,264
187.56,143.65
1125.4,300.86
1813.3,23.31
1922.8,216.29
1319.4,196.24
1745.5,95.407
335.55,185.94
665.14,230.39
1217,191.9
1402.4,153.95
1314.6,352.9
1862.6,88.36
755.13,61.256
1297.2,154.49
1774.8,264.54
1279.3,192.98
1617,316.04
2009.5,81.855
1382.3,114.92
1832.2,323.08
159.37,34.151
960.58,363.74
1927.7,266.16
139.32,231.47
246.11,233.64
829.39,377.29
265.62,323.08
1981.3,211.41
2003,54.751
1756.4,85.65
1775.3,10.3
433.67,279.72
1284.7,178.35
1657.7,303.57
369.7,286.22
1649,468.9
1817.1,2.1683
1247.3,337.18
1387.2,140.4
643.46,423.91
1053.8,303.03
1039.7,361.03
23.31,195.69
252.07,223.88
1426.2,453.73
1791.6,46.077
1309.7,214.12
1412.1,142.03
1957.5,19.515
765.43,46.619
264.54,196.24
1120.5,346.93
1460.4,173.47
1243.5,138.77
1060.3,229.3
234.72,121.97
456.44,249.9
446.68,414.7
1368.2,550.76
1791.1,209.25
1108.6,330.13
1617.6,355.07
1543.9,112.75
1516.2,252.07
1733.6,147.45
203.82,328.5
1896.8,93.239
352.36,285.14
456.44,214.12
1392.6,268.87
1348.7,172.38
470.53,380.54
1101,304.11
530.7,259.66
1453.9,132.27
1153,225.51
1671.8,150.16
166.42,7.0471
1464.2,229.84
1705.4,132.81
1250.6,210.87
1848,101.37
1656.6,49.872
1404,140.4
1784,170.76
1932.5,307.9
565.4,392.47
42.825,32.525
1384.5,249.36
140.94,257.49
1308.1,179.43
1292.3,330.13
1640.9,284.05
1586.1,253.15
1352,408.73
1692.4,111.67
1408.3,196.24
124.68,353.44
1727.1,188.65
1848,85.65
1532.5,145.82
1401.3,278.09
1817.1,99.744
1628.4,124.14
1683.2,117.63
1593.7,343.68
1537.4,114.38
1567.2,66.677
324.17,290.56
1426.8,232.55
1552.5,259.12
1200.2,202.2
1779.7,57.461
2017.6,243.94
27.104,176.72
464.57,308.45
1391,133.35
1425.7,128.47
1778,249.9
1724.4,300.86
1736.3,118.17
1546,138.77
603.34,284.6
1627.9,149.07
1725.5,39.572
1267.4,154.49
1755.3,159.37
1290.2,189.19
1228.9,299.77
1735.2,149.07
1973.7,169.67
855.41,269.96
1591,139.86
1848.5,23.31
1642,126.85
1727.1,161
1702.7,33.067
1059.2,419.03
1907.1,365.37
1580.7,193.52
1713,115.46
1049.5,230.39
1838.2,370.79
1611.1,144.74
363.74,241.77
1452.8,174.55
608.76,428.79
546.96,343.68
1729.3,107.33
983.89,362.66
1038.1,209.25
1526,212.5
1488.6,118.72
1802.4,130.64
1888.1,60.714
2019.8,85.65
1443.6,174.01
1508.1,190.27
637.49,333.38
1795.4,148.53
145.28,203.28
1286.4,187.02
1213.7,135.52
1938.5,234.18
1708.1,265.62
741.57,378.92
1331.4,208.16
1142.7,411.44
241.23,204.91
1253.3,287.85
1232.7,180.51
1336.8,198.4
1181.2,174.01
1715.7,30.357
652.13,353.98
1942.8,215.21
541.54,305.19
1779.1,188.1
1732.5,39.572
356.69,273.21
1440.9,266.71
1242.5,309.53
1161.7,161.54
1525.4,86.734
1.6263,47.704
58.545,301.94
144.74,133.9
214.67,203.28
1521.6,200.03
1603.5,72.097
1999.2,225.51
205.45,274.3
1339,230.39
1793.8,156.66
1605.7,126.85
1332.4,284.6
340.97,273.75
215.75,26.562
1530.9,116.01
773.56,214.67
1467.4,162.63
1974.3,84.565
574.07,293.27
1405.6,322.54
1765,43.367
133.9,412.53
1592.1,192.44
1952.1,177.26
172.93,158.29
1901.6,174.55
1170.9,203.82
1453.3,150.7
1824.7,7.5892
738.86,291.1
1194.2,130.1
1187.2,327.96
1410.5,149.07
1253.3,300.86
1756.4,139.86
1702.1,520.94
1761.8,179.97
2014.4,396.81
1179,305.19
1115.6,438.01
1368.8,62.34
1108.6,232.01
234.72,77.518
553.47,256.95
1516.2,94.323
1801.9,107.88
1424.6,166.42
963.83,342.6
79.687,262.37
1576.4,83.481
338.26,414.15
1405.6,136.61
2032.8,125.76
2035,163.17
1240.3,181.06
1249,147.99
610.93,263.45
1193.7,163.71
300.32,344.22
1832.8,54.751
1723.8,120.89
603.88,235.81
1621.9,131.73
931.85,309.53
1530.9,510.1
1749.3,119.8
1416.5,152.33
355.61,371.87
72.639,413.07
1135.7,187.02
1490.2,228.76
72.097,164.79
1800.3,493.3
1041.3,293.81
1280.9,430.42
1556.3,139.32
1337.3,175.64
189.19,194.07
1978.1,144.19
680.86,299.23
799.58,314.41
1839.8,139.86
1462,370.24
1431.1,195.69
1515.1,330.67
1070.6,292.73
281.34,206.53
1313.5,269.42
1585.1,179.43
1443.6,330.13
1551.4,162.63
973.04,243.4
1791.6,317.66
2013.3,93.239
1075.5,219
1758.5,194.61
280.26,257.49
1204,308.45
1991.1,97.033
1698.9,58.003
1640.4,367.53
705.8,340.97
1464.2,130.1
282.97,312.78
918.29,333.92
1647.4,112.75
1264.7,166.42
1610.5,227.13
1745.5,27.646
1824.1,99.202
1240.8,231.47
1765,151.24
1968.9,397.89
1976.4,2.7104
1314,379.46
1672.3,287.85
1727.6,150.7
1404.5,162.08
1800.3,363.2
1710.3,121.43
1343.8,193.52
940.52,349.65
1870.7,17.347
1585.1,130.64
620.15,324.71
1601.3,226.59
1092.3,211.41
172.93,229.3
1663.1,156.66
1627.3,142.03
1441.4,131.73
1661,192.44
1750.4,112.21
1925.5,128.47
2024.1,181.06
582.74,254.78
1565,115.46
1994.3,142.57
1493.4,133.35
1195.8,303.03
1742.3,106.79
1721.1,50.414
1378.5,343.68
1639.8,343.68
1523.8,143.11
1689.1,45.535
1968.9,73.724
557.81,272.67
968.17,299.77
1614.3,135.52
1186.1,307.36
1444.1,287.85
1747.7,92.697
946.48,215.75
719.35,350.73
1069,287.31
1940.1,72.639
1418.6,184.31
1801.9,177.8
1328.1,168.59
1470.7,285.68
1720.6,79.145
1888.1,79.145
1861,151.24
1889.7,277.55
1394.2,145.28
792.53,325.25
866.25,260.2
1746.6,391.39
1876.2,563.23
1250,181.06
1866.4,157.75
1027.3,252.61
968.17,232.55
1555.2,279.17
1623,229.3
2013.3,75.35
169.67,127.39
1112.4,197.86
1495.1,267.79
132.27,266.16
1301,417.95
1112.9,306.82
1499.4,339.35
168.05,29.815
1761.8,275.38
1471.2,112.21
1357.9,276.46
1452.2,142.57
272.13,66.677
1219.2,211.96
1578.6,69.929
1350.3,226.05
119.26,195.69
918.84,44.993
1418.6,162.63
1358.5,136.61
1505.9,125.76
1806.8,177.8
1295,286.76
1674,127.39
1262,391.93
580.03,443.97
812.04,282.97
1742.3,78.602
1017,232.55
1888.6,103.54
1802.4,7.5892
1377.4,168.05
1427.9,136.06
1633.8,121.43
1093.4,138.23
1819.8,138.77
285.14,139.32
1960.7,107.88
1407.8,295.98
764.88,316.58
1657.2,212.5
1740.1,86.192
1147.1,287.85
1634.4,203.28
1227.3,158.29
1695.6,111.67
989.31,287.85
1360.1,314.41
983.34,343.14
1490.7,158.83
1414.8,146.36
1994.3,106.79
120.89,155.58
1811.1,198.95
240.69,480.83
1806.8,138.23
2004.6,194.07
1833.9,179.43
1748.2,127.93
2040.4,244.48
1681.6,69.387
1559,82.939
1211,179.43
1657.7,121.43
501.43,383.8
1426.2,143.11
1679.4,22.226
1881,360.49
1354.7,137.69
152.87,60.172
1548.2,171.84
368.62,106.79
1367.1,488.42
1764.5,16.805
1826.8,134.44
1561.2,266.16
1.6263,285.68
58.003,254.24
1257.1,196.78
1866.9,186.48
1714.6,156.12
2038.8,192.44
1304.3,159.37
1138.9,281.88
1620.8,165.88
370.79,460.23
1749.9,48.246
2037.7,210.33
1394.8,195.69
65.592,285.68
1990.5,201.66
466.19,247.19
1181.7,291.1
2030.7,234.18
1522.2,168.05
464.03,291.64
1309.1,285.14
1725.5,147.45
1512.4,143.11
1569.3,168.59
241.23,256.41
1261.4,438.01
1799.2,388.13
636.41,306.82
448.85,355.61
1967.2,119.8
1031,366.99
1831.7,163.71
1703.2,66.677
283.51,272.67
1065.7,234.72
546.42,377.83
1191.5,216.29
270.5,217.38
1599.2,149.07
1297.8,200.03
1096.1,320.37
355.61,176.18
1956.9,50.956
1034.3,353.44
665.68,394.1
1613.2,157.2
1662.6,259.66
1721.7,43.367
1812.7,222.26
578.41,550.22
1047.3,350.73
1838.2,153.41
1376.9,143.11
1909.8,497.09
1954.2,362.66
107.88,171.84
1428.4,140.4
329.05,4.8788
314.41,468.36
608.22,349.1
705.8,313.33
1960.7,90.528
190.81,244.48
1621.9,114.92
1690.8,178.89
1542.8,150.7
830.48,290.02
1964.5,21.141
1643.6,77.518
1839.8,182.68
1232.2,211.96
1658.8,150.7
1924.4,248.82
1452.8,248.82
1671.3,69.929
1636.6,90.528
1334.1,274.84
551.84,434.75
490.59,207.62
1439.8,162.08
2042.6,86.734
1935.8,65.05
1732,124.14
10.3,338.26
1780.2,51.498
48.788,195.15
1033.8,203.82
1851.2,53.666
1750.9,164.25
2039.9,105.71
1730.9,149.62
1890.3,234.18
885.23,278.09
1200.7,159.92
96.491,186.48
1750.9,353.44
621.23,281.88
1940.1,445.59
1715.2,105.71
1355.2,171.84
670.56,344.77
1166.6,281.34
1703.2,183.22
1523.8,357.23
1199.1,197.86
1646.3,146.36
301.4,240.69
1884.3,205.45
1211,152.33
396.26,425
1395.3,132.81
881.43,291.64
1741.2,168.59
196.78,184.85
172.93,208.16
1602.4,102.45
1758.5,127.39
1868,123.6
9.7575,29.273
812.59,222.8
1714.1,136.61
1509.7,106.25
777.35,285.68
294.89,130.64
1211,240.69
1739.6,123.6
1584.5,117.09
1594.3,81.313
1712.4,106.25
80.771,184.31
425.54,4.8788
1872.9,47.704
508.48,284.05
392.47,337.18
382.17,189.19
1888.6,56.377
1495.6,380
1552.5,147.45
1875.1,112.21
1418.1,270.5
1650.1,135.52
1421.9,141.48
639.12,281.88
1881,26.562
1177.4,217.92
323.63,494.38
3.2525,175.64
1683.2,134.98
1368.2,159.92
1802.4,230.93
1056.5,130.64
1803.5,65.592
1156.8,295.98
1553.1,227.68
1680.5,145.82
1688.6,163.17
1813.3,75.892
1727.6,255.86
1195.8,187.56
1146.5,201.11
1385.6,327.42
999.06,318.75
1553.1,352.9
1398,158.29
1193.1,394.64
1572.6,235.27
1062.5,290.56
1665.3,111.67
1614.9,59.087
1538.4,34.151
1172,161.54
1168.7,140.4
57.461,237.43
1262,144.74
954.61,284.6
679.78,365.37
1238.7,151.24
1248.4,215.21
1343.3,335.55
1716.2,80.229
1131.9,229.84
1775.3,44.993
1733.6,158.83
1106.9,382.71
1872.9,471.07
666.22,283.51
207.08,23.852
1713.5,389.76
1513,221.17
1566.6,54.209
1366.6,175.64
753.5,94.323
1773.7,120.34
1978.6,96.491
288.39,245.02
1868,91.07
1822.5,89.444
41.741,230.39
1252.2,236.35
1659.3,56.377
306.82,7.5892
1135.7,358.32
239.06,98.66
37.946,399.52
1444.1,239.6
1330.8,197.86
1613.2,98.66
1851.2,43.367
1700.5,103.54
1192,177.26
1097.2,206.53
1349.8,140.4
1248.4,140.4
1975.4,181.06
1140.5,196.24
310.62,86.192
377.29,195.15
294.35,9.2155
1203.4,211.96
1695.1,172.38
337.72,237.98
378.92,273.75
1934.2,129.56
1816,287.85
1612.7,245.02
1901.1,56.919
415.24,263.45
1568.3,122.51
1207.2,288.39
380,330.13
1656.1,169.67
1698.9,123.6
1196.4,212.5
221.17,115.46
1647.4,86.734
1567.2,240.14
371.87,253.15
775.18,336.09
1692.4,89.986
1784,79.687
1426.2,253.15
1576.9,157.2
1607.8,68.303
39.03,472.7
1650.1,100.83
1193.7,293.27
284.6,371.87
1471.2,218.46
1205.6,182.68
92.155,203.28
1134,138.77
15.178,259.12
442.88,292.73
1951.5,69.387
491.67,242.85
1013.7,253.7
1543.9,211.96
1481.5,223.34
1187.7,301.94
522.57,261.29
985.51,252.61
2041.5,56.377
1826.8,138.77
1007.2,350.73
60.714,215.75
1661.5,198.95
1531.9,60.714
1510.3,117.09
1149.8,325.25
1775.9,231.47
1224,143.65
333.38,15.178
1654.4,70.471
1490.7,361.03
622.31,349.65
1808.9,149.07
1491.8,168.05
1787.8,27.104
1858.8,61.798
1497.2,290.02
1896.2,136.61
906.91,239.6
1785.6,185.39
1600.8,173.47
331.21,453.18
1381.2,170.21
172.93,82.939
1671.3,118.17
1487.5,274.84
